Doc2Vec K Sweep Summary
K values: 3, 5, 8, 10, 20, 50, 100
Skipped (invalid for n_docs): 200

Config      Vec   K     Sil      DB        CH  AvgIntra  Min  Max  Ratio Singles
------------------------------------------------------------------------------------------
d2v_vs50     50   3  0.9368  0.7279     59.89    0.9561    1  197 197.00       1
d2v_vs50     50   5  0.8614  0.1608     46.78    0.9677    1  196 196.00       4
d2v_vs50     50   8  0.7884  0.1986     37.46    0.9732    1  193 193.00       7
d2v_vs50     50  10  0.6831  0.6349     32.07    0.9742    1  189 189.00       8
d2v_vs50     50  20  0.0068  1.1940     21.91    0.9805    1   80  80.00      16
d2v_vs50     50  50  0.0109  0.9219     14.70    0.9884    1   69  69.00      41
d2v_vs50     50 100 -0.0584  0.7209     12.16    0.9948    1   33  33.00      90