Doc2Vec K Sweep Summary
K values: 3, 5, 8, 10, 20, 50, 100
Skipped (invalid for n_docs): 200

Config      Vec   K     Sil      DB        CH  AvgIntra  Min  Max  Ratio Singles
------------------------------------------------------------------------------------------
d2v_vs100   100   3  0.9590  0.4737    125.28    0.9736    1  197 197.00       1
d2v_vs100   100   5  0.8784  0.1305     95.63    0.9826    1  196 196.00       4
d2v_vs100   100   8  0.6290  0.2197     67.32    0.9851    1  193 193.00       7
d2v_vs100   100  10  0.5644  1.0396     55.62    0.9852    1  183 183.00       7
d2v_vs100   100  20  0.0220  1.3198     35.55    0.9889    1   94  94.00      17
d2v_vs100   100  50 -0.0836  0.8412     22.47    0.9935    1  101 101.00      45
d2v_vs100   100 100 -0.0320  0.6348     18.27    0.9972    1   70  70.00      96