Doc2Vec K Sweep Summary
K values: 3, 5, 8, 10, 20, 50, 100
Skipped (invalid for n_docs): 200

Config      Vec   K     Sil      DB        CH  AvgIntra  Min  Max  Ratio Singles
------------------------------------------------------------------------------------------
d2v_vs200   200   3  0.9667  0.5257    178.94    0.9801    1  197 197.00       1
d2v_vs200   200   5  0.8798  0.1194    175.75    0.9908    1  196 196.00       4
d2v_vs200   200   8  0.6581  0.2254    113.53    0.9918    1  193 193.00       7
d2v_vs200   200  10  0.3047  1.2072     95.99    0.9923    1  178 178.00       8
d2v_vs200   200  20  0.3388  0.8807     57.64    0.9938    1  176 176.00      17
d2v_vs200   200  50  0.1592  0.4306     35.93    0.9967    1  151 151.00      49
d2v_vs200   200 100 -0.0481  0.7296     27.95    0.9985    1   38  38.00      96